<?xml version="1.0"?>
<opencv_storage>
<camera_matrix type_id="opencv-matrix">
  <rows>3</rows>
  <cols>3</cols>
  <dt>d</dt>
  <data>
    1.518310782535874e+03 0.001314058437293e+03 0.684366557697188e+03 0.
    1.518272419583498e+03 0.497111053104298e+03 0. 0. 1.</data></camera_matrix>
<distortion_coefficients type_id="opencv-matrix">
  <rows>1</rows>
  <cols>5</cols>
  <dt>d</dt>
  <data>
    -0.537972325891254 0.358115836842577
    0.196604387880419e-03 0.411749759291016e-03
    -0.112009874753929</data></distortion_coefficients>
</opencv_storage>
